xrange=35
yrange=20
grid_factor=3
quad_update_period=10

npolymer=2
nmonomer=16
actin_length=0.5
link_length=1.0
polymer_bending_modulus=0.068
link_stretching_stiffness=5
actin_pos_str=-11.5,-0.375,3.1415926535897:-11.5,0.375,3.1415926535897

kgrow=0
lgrow=0.015
l0max=2
maxlinks=15

spacer1_length=0.2
spacer1_density=0.25
spacer1_stiffness=10
s1_kon=2
s1_koff=0.05
s1_koff2=0.05
s1_kend=0.05
s1_bend=0.008

spacer2_length=0.3
spacer2_density=0.25
spacer2_stiffness=10
s2_kon=2
s2_koff=0.05
s2_koff2=0.05
s2_kend=0.05
s2_bend=0.012

kexv=0.04
rmax=0.05

dt=0.00002
viscosity=0.001
tfinal=2000
nframes=2000

myseed=-1
temperature=0.004
bnd_cnd=PERIODIC
